nTeams= 24;


dist=[
[        0  1270    396   189   739     480   364   554   805  1023     941  1617  1753  2581  1237    2682   189  1542   394   255     848  1119   628   865 ]
[     1270     0   1201  1104   972    1024   960  1094  1028   329     820   967  1710  2258  1246    2571  1104  1109   933  1047    1195  1515  1157  1375 ]
[      396  1201     0    294   395     183   287   185   440   893     632  1306  1357  2189   851    2287   294  1195   301   283     455   729   237   475 ]
[      189  1104   294     0    571     315   176   409   644   843     759  1433  1616  2431  1085    2556     0  1366   205    66     712  1016   496   763 ]
[      739   972   395   571     0      259   428   211    88   643     244   910  1072  1866   526    2021   571   807   410   517     240   592   215   407 ]
[      480  1024   183   315   259       0    200   115   329   712     472  1152  1305  2116   770    2249   315  1063   195   267     409   740   213   499 ]
[      364   960   287   176   428     200     0    314   509   680     593  1261  1495  2294   953    2442   176  1203    30   109     607   939   411   696 ]
[      554  1094   185   409   211     115   314     0    257   772     452  1121  1207  2028   682    2148   409  1010   310   369     303   626    98   384 ]
[      805  1028   440   644    88     329   509   257     0    700     248   878   987  1788   444    1935   644   755   493   593     167   512   225   347 ]
[     1023   329   893   843   643     712   680   772   700     0      502   829  1453  2085   953    2356   843   906   651   779     867  1193   831  1046 ]
[      941   820   632   759   244     472   593   452   248   502       0    680  1008  1741   471    1946   759   612   567   697     396   695   456   582 ]
[     1617   967  1306  1433   910    1152  1261  1121   878   829     680     0    871  1291   670    1623  1433   242  1233  1368     954  1067  1102  1107 ]
[     1753  1710  1357  1616  1072    1305  1495  1207   987  1453    1008   871     0    847   550     949  1616   643  1480  1572     906   689  1126   913 ]
[     2581  2258  2189  2431  1866    2116  2294  2028  1788  2085    1741  1291   847     0   1346     452  2431  1180  2275  2381    1734  1535  1954  1759 ]
[     1237  1246   851  1085   526     770   953   682   444   953     471   670   550  1346     0     1498  1085   456   936  1036     400   397   614   488 ]
[     2682  2571  2287  2556  2021    2249  2442  2148  1935  2356    1946  1623   949   452  1498       0   2556  1462  2428  2515    1844  1574  2062  1822 ]
[      189  1104   294     0   571     315   176   409   644   843     759  1433  1616  2431  1085    2556     0   1366   205    66     712  1016   496   763 ]
[     1542  1109  1195  1366   807    1063  1203  1010   755   906     612   242   643  1180   456    1462  1366     0   1178  1305     794   851   973   926 ]
[      394   933   301   205   410     195    30   310   493   651     567  1233  1480  2275   936    2428   205  1178     0    139     598   935   408   695 ]
[      255  1047   283    66   517     267   109   369   593   779     697  1368  1572  2381  1036    2515    66  1305   139     0      672   988   461   737 ]
[      848  1195   455   712   240     409   607   303   167   867     396   954   906  1734   400    1844   712   794   598   672       0    353   220   186 ]
[     1119  1515   729  1016   592     740   939   626   512  1193     695  1067   689  1535   397    1574  1016   851   935   988     353     0    529   254 ]
[      628  1157   237   496   215     213   411    98   225   831     456  1102  1126  1954   614    2062   496   973   408   461     220   529      0   287 ]
[      865  1375   475   763   407     499   696   384   347  1046     582  1107   913  1759   488    1822   763   926   695   737     186   254    287     0 ]
];


opponents=[
[ -24 -23 -22 -21 -20 -19 -18 -17 -16 -15 -14 -13  12  11  10   9   8   7   6   5   4   3   2   1 ]
[ -23 -13 -24 -22 -21 -20 -19 -18 -17 -16 -15 -14   2  12  11  10   9   8   7   6   5   4   1   3 ]
[ -22 -24 -14 -13 -23 -21 -20 -19 -18 -17 -16 -15   4   3  12  11  10   9   8   7   6   1   5   2 ]
[ -21 -22 -16 -15 -14 -13 -24 -23 -20 -19 -18 -17   6   5   4   3  12  11  10   9   1   2   8   7 ]
[ -20 -21 -23 -14 -17  -7   6 -16 -15 -24 -22 -19 -18   4   9   8   5  13  12   1   2  11   3  10 ]
[ -19 -20 -21 -18 -13 -14 -10  -9   8   7 -24 -22   5   6  16 -15 -23   4   1   2   3  12  17  11 ]
[ -18 -19 -20  -9  -6   5 -11 -10   4   8   7  16 -21 -23 -24 -12 -22   1   2   3  13  17  14  15 ]
[ -17 -18 -19 -20 -12 -24 -21 -14 -13 -11  10   5   9   8 -23 -22   1   2   3   4   7  16  15   6 ]
[ -16 -17 -15 -24 -22 -18 -23 -21 -19 -14 -13 -20  11  10   3   1   2   6   9  12   8   5   7   4 ]
[ -15 -16 -10 -11 -24  -9 -22 -20   6   3   4  17 -23 -21   1   2 -12  19 -18   8  14   7  13   5 ]
[ -14 -15 -18 -23 -19 -11 -17 -22 -10   9   6  20 -24   1   2 -21   7   3   5 -12  16   8   4  13 ]
[ -13 -11 -17 -19  -9 -23 -14 -15   5 -12   2  10   1   7   8 -24   3 -21   4 -22  18  20   6  16 ]
[ -12 -14 -13 -17 -18 -22 -16 -11 -24 -23   8   1   3   2 -21   7   4   5 -20  19  15   6  10   9 ]
[ -11 -10 -12 -16 -15 -17 -13 -24 -23   2   1   3   7 -20   5   4   6 -22 -21  14  19  18   9   8 ]
[ -10  -9 -11 -12  -8 -16 -15   5   2   1   3   4 -22 -24   7   6 -21 -20 -23  18  17  13  19  14 ]
[  -9  -6  -8 -10 -16   2 -12   3   1   4 -23   7 -17 -15  14   5  13 -19  18  22 -24 -20  11  21 ]
[  -8 -12  -9  -7 -11 -15   4   1   3 -20   5   2 -19 -16   6  14  18 -17  13  10 -23 -24  21  22 ]
[  -7  -8  -6  -5   4   3   1   2 -21 -22 -20 -24 -16 -18 -17  13  15  14  23  11   9  10 -19  12 ]
[  -6  -7  -5  -8   3   1   2   4 -22 -21 -19 -23 -15 -17  13 -20  14 -24  11  16  10   9  12  18 ]
[  -5  -4  -7   2   1 -12   3 -13 -14 -18 -21   6   8   9 -20 -19 -24  10  16  15  11 -23  22  17 ]
[  -4   3  -2   1 -10  -8  -9   6   7   5 -17 -21 -20 -22 -18 -23  11  15 -24  13  12  14  16  19 ]
[  -3  -5   1  -6   2   4  -8   7 -11 -13   9 -18  10 -19 -22 -17  16  12  14  21 -20  15 -24  23 ]
[  -2   1  -4   3  -7 -10   5 -12  11   6  -9   8 -14  13 -19 -18 -20  16  15  17  22 -21  24 -23 ]
[   2  -1   4  -3   6  -5   8  -7 -12  11 -10   9  14 -13 -16  15 -19 -23  17 -24 -22  21  18  20 ]
[   3  10  -1   5  -4   7  -6   9  -8  -2  13 -16 -11  23  18  12  22 -15  21  24 -19 -17 -14 -20 ]
[   4  16   6  -1   8  -3  14  -5  10  -9  12 -11  15  -7 -13  -2 -18  17 -22 -23  24  19  20 -21 ]
[   5  -3   2   7  -1   9  -4  13  -6  12  14 -10  -8 -11  24  18  21 -16  20 -19 -17  23 -22 -15 ]
[   6   5   9   8  -2  -1  10  -4  -3  -7 -12  11  19  15 -14  17 -16  23 -13 -21  20  24 -18 -22 ]
[   7   4  13  -2   9  20  -1  12  -5  14  15  -8  -3 -10 -11  24  19  22 -17  -6  23 -18 -21 -16 ]
[   8  13   5   9  -3  10  11  -1  -4  -6  -7  15  -2  22 -12  19  24  21 -16  23 -18 -14 -20 -17 ]
[   9   6  23  15  11  -2  12  22  -1  13  -5  -7 -10  18  -4  21  20 -14  24 -17 -16  -8  -3 -19 ]
[  10   7  18  20  16  24  -2  23  15  -1  22  19  21  17  -9  -5 -14  -3 -12  -4 -13 -11  -8  -6 ]
[  11   9   7  17  23   8  -3  -6  -2  24  -1  21  22  16  19 -14  -4  20 -15 -18 -12 -13  -5 -10 ]
[  12   8  21   6  22  -4  19  -2  13  16  18  -1  -9  24  20 -10  23 -11  -7 -15  -3  -5 -17 -14 ]
[  13  18   8  19  24  12  21  -3  22  23  16  -6  -1  20  17 -11 -15  -2  -4 -14  -7  -9 -10  -5 ]
[  14  12  10  13   7  17  -5  21  20  -3  19  -2  -4  -1  23  22  -6  24 -11  -9  -8 -16 -15 -18 ]
[  15  11  24  10  12  13  17  20  18  -4  -2  -5  -6  21  -1  23  -7  -9  22  -8 -14 -19 -16  -3 ]
[  16  17  15  14  19  21   9  18  -7  22  24  23  20  -4  -3  -1  -2  -8  -5 -13  -6 -10 -12 -11 ]
[  17  23  14  22  21  11  20  15  16  19  -6  24  18  -3  -8  -9  -1 -13 -10  -7  -5  -4  -2 -12 ]
[  18  24  20  21  13  22  15  16  12  17  23  -9  -5  19  -7  -8 -10  -1 -14  -3  -4  -6 -11  -2 ]
[  19  14  11  23  15  16  22  17  21  20  -3  18  24  -2  -5  -6  -8 -12  -1 -10  -9  -7  -4 -13 ]
[  20  15  16  24  10  18  23  14  19  -5  21  22  17  -8  -2  -3 -13  -6  -9  -1 -11 -12  -7  -4 ]
[  21  19  17  11  18  14  24  10  23  -8  -4  13 -12  -6  22  20  -3  -5  -2 -16  -1 -15  -9  -7 ]
[  22  20  12  16  14  23  13  19  24  18  17  -3  -7  -5  21  -4 -11 -10  -8  -2 -15  -1  -6  -9 ]
[  23  21  22  12  17  19  18  24  14  15  20  -4  16  -9 -10 -13  -5  -7  -6 -11  -2  -3  -1  -8 ]
[  24  22  19  18  20  15  16  11  17  21  -8  14  23 -12  -6  -7  -9  -4  -3  -5 -10  -2 -13  -1 ]
];
