nTeams=22;

dist=[
[       0  1270    396   189   739     480   364   554   805  1023     941  1617  1753  2581  1237    2682   189  1542   394   255     848  1119 ]
[    1270     0   1201  1104   972    1024   960  1094  1028   329     820   967  1710  2258  1246    2571  1104  1109   933  1047    1195  1515 ]
[     396  1201     0    294   395     183   287   185   440   893     632  1306  1357  2189   851    2287   294  1195   301   283     455   729 ]
[     189  1104   294     0    571     315   176   409   644   843     759  1433  1616  2431  1085    2556     0  1366   205    66     712  1016 ]
[     739   972   395   571     0      259   428   211    88   643     244   910  1072  1866   526    2021   571   807   410   517     240   592 ]
[     480  1024   183   315   259       0    200   115   329   712     472  1152  1305  2116   770    2249   315  1063   195   267     409   740 ]
[     364   960   287   176   428     200     0    314   509   680     593  1261  1495  2294   953    2442   176  1203    30   109     607   939 ]
[     554  1094   185   409   211     115   314     0    257   772     452  1121  1207  2028   682    2148   409  1010   310   369     303   626 ]
[     805  1028   440   644    88     329   509   257     0    700     248   878   987  1788   444    1935   644   755   493   593     167   512 ]
[    1023   329   893   843   643     712   680   772   700     0      502   829  1453  2085   953    2356   843   906   651   779     867  1193 ]
[     941   820   632   759   244     472   593   452   248   502       0    680  1008  1741   471    1946   759   612   567   697     396   695 ]
[    1617   967  1306  1433   910    1152  1261  1121   878   829     680     0    871  1291   670    1623  1433   242  1233  1368     954  1067 ]
[    1753  1710  1357  1616  1072    1305  1495  1207   987  1453    1008   871     0    847   550     949  1616   643  1480  1572     906   689 ]
[    2581  2258  2189  2431  1866    2116  2294  2028  1788  2085    1741  1291   847     0   1346     452  2431  1180  2275  2381    1734  1535 ]
[    1237  1246   851  1085   526     770   953   682   444   953     471   670   550  1346     0     1498  1085   456   936  1036     400   397 ]
[    2682  2571  2287  2556  2021    2249  2442  2148  1935  2356    1946  1623   949   452  1498       0   2556  1462  2428  2515    1844  1574 ]
[     189  1104   294     0   571     315   176   409   644   843     759  1433  1616  2431  1085    2556     0   1366   205    66     712  1016 ]
[    1542  1109  1195  1366   807    1063  1203  1010   755   906     612   242   643  1180   456    1462  1366     0   1178  1305     794   851 ]
[     394   933   301   205   410     195    30   310   493   651     567  1233  1480  2275   936    2428   205  1178     0    139     598   935 ]
[     255  1047   283    66   517     267   109   369   593   779     697  1368  1572  2381  1036    2515    66  1305   139     0      672   988 ]
[     848  1195   455   712   240     409   607   303   167   867     396   954   906  1734   400    1844   712   794   598   672        0   353 ]
[    1119  1515   729  1016   592     740   939   626   512  1193     695  1067   689  1535   397    1574  1016   851   935   988      353     0 ]
];

opponents=[
[ -22 -21 -20 -19 -18 -17 -16 -15 -14 -13 -12  11  10   9   8   7   6   5   4   3   2   1 ]
[ -21 -12 -22 -20 -19 -18 -17 -16 -15 -14 -13   2  11  10   9   8   7   6   5   4   1   3 ]
[ -20 -22 -13 -12 -21 -19 -18 -17 -16 -15 -14   4   3  11  10   9   8   7   6   1   5   2 ]
[ -19 -20 -15 -14 -13 -12 -22 -21 -18 -17 -16   6   5   4   3  11  10   9   1   2   8   7 ]
[ -18 -19 -21 -17 -15 -16 -13 -14 -12 -22 -20   9   7   8   5   6   4   1   2  11   3  10 ]
[ -17 -18 -19 -15 -12  -7   6 -20 -21 -16 -22   5 -14  13   4  10   1   2   3   8   9  11 ]
[ -16 -17 -18  -9 -20 -10  -8   7   4   6  13 -21 -11 -22 -19   1   2   3  15   5  12  14 ]
[ -15 -16  -9 -21  -8 -20 -10   5   3   7  12 -11 -22 -19   1   2  18 -17  14   6   4  13 ]
[ -14 -15 -16 -18 -17 -22 -20 -13 -19 -12 -21  10   8   1   2   3   5   4   9   7  11   6 ]
[ -13 -14 -17 -22 -16 -21 -19 -11 -10   9   8 -20   1   2 -18   5   3  15   7  12   6   4 ]
[ -12  -9 -14 -11 -22  -8 -21   6   2  13   4   1 -10   3 -20 -19 -18  17  16  15   7   5 ]
[ -11 -13 -12 -16 -10 -15 -14 -22 -20   5   1   3   2   7   6   4 -21 -19  18   9  17   8 ]
[ -10 -11  -8 -13  -9 -14 -15   3   5   1   2 -19   4   6   7 -21 -22 -20  12  18  16  17 ]
[  -9 -10 -11  -8 -14 -13 -12   4   1   2   3   7   6   5 -21 -20 -19 -22  17  16  15  18 ]
[  -8  -7 -10  -6 -11   4   2   1 -22   3   5 -14 -15  12  13  18  20 -16 -21 -17  19   9 ]
[  -7  -8  -6   5  -4   3   1   2 -17 -21 -19 -22 -16 -20  18  13   9 -15  11  14  10  12 ]
[  -6  -5  -7 -10   2   1   3 -19 -13   4 -18 -16   9 -15  14  12  21  11   8 -22 -17  20 ]
[  -5  -6  -4   3   1   2 -11   9  -8 -20   7 -15 -19 -17  12 -22  14 -21  13  10  18  16 ]
[  -4  -3   2   1  -7 -11   5  -9   8 -19   6 -17 -20  18  16 -15  12 -14  10  13  22 -21 ]
[  -3  -4   1   2  -6   5  -9 -12   7 -18 -17   8 -21 -16 -22  14  11  10 -20  19  13  15 ]
[  -2   1  -5  -7   3  -9   4  10   6  -8 -15 -13  12 -21  11 -18 -20  16 -22  17  14  19 ]
[   2  -1   4  -3   6  -5   8  -7  15  12  14 -10  18 -11  -9  17 -16 -13  20 -19 -22  21 ]
[   3   5  -1  10  -2   7  -6  12 -11  -4   9  -8  21  15 -14 -17  16  19 -18  22 -13 -20 ]
[   4   7   5  -1  -3   9  -2  13  -6  11 -10  15  -8  16 -12 -14  19  22 -17 -21  20 -18 ]
[   5  15   9   7  -1  10  -4  11  -3  -6  -8  18  14 -13  -2  20  22 -12  21 -16 -19 -17 ]
[   6   3  -2  -5   4  -1   9 -18  -7 -11  10  14  17 -12  20  21 -13   8  22 -15 -16 -19 ]
[   7   4   6  -2   8  -3  -1  -5  10  -9  22  17  20 -18  21  19 -12  14 -16 -13 -15 -11 ]
[   8  18  11  22  12  16  10  -1  14  -7  -3  -5  19  -9  17  -6 -15  -2 -13  21 -20  -4 ]
[   9   6   8  21  10  -2  11  -3  -1  -5  -7  19  16  22 -17 -13  15  20 -12 -18  -4 -14 ]
[  10   9  13   6  22  -4  16  14  -2  -1  17  20  -3  -8  19  -7 -11  21 -15 -12 -18  -5 ]
[  11  12   7   8  17  21  -3  -4  20  18  -1  -2  22  19 -16  15  -5 -10 -14  -9  -6 -13 ]
[  12  17  20   9   7  22  -5  19  -4  15  16  -1 -18  21 -10 -11  -2  13  -8  -3 -14  -6 ]
[  13  19  21  12  16   8  22  -6  18  20  15  -4  -1  17 -11  -5 -14  -9  -2 -10  -3  -7 ]
[  14   8  17  13   9  18  19  -2  -5  16  20  21  -4  -1  22 -10  -3  -6  -7 -11 -12 -15 ]
[  15  16  12  11  19  20  14  18  21  22  -4  -3 -17  -7  -1  -2  13  -8  -5  -6  -9 -10 ]
[  16  10  14  19  18  13  20  15  17  -2  21  22  -6  -3  -8  -1  -9  -5  -4  -7 -11 -12 ]
[  17  20  18  15  14  11  13  21  12  19  -6  -9  -7  -5  -4  22  -1  -3 -10  -2  -8 -16 ]
[  18  21  16  14  20  12  17 -10  22   8  19  -6  15  -4 -13  -3  -7  -1 -11  -5  -2  -9 ]
[  19  22  15  16  21  17  18  20  11  14  -9  13 -12 -10  -3  -4  -6  -7  -1  -8  -5  -2 ]
[  20  13  19  17  11  14  15  22  16  21  -5 -18  -2  -6  -7  -9  -4  12  -3  -1 -10  -8 ]
[  21  14  22  20  13  15  12  16  19  17  18  -7  -5  -2  -6  -8 -10 -11  -9  -4  -1  -3 ]
[  22  11  10  18  15  19  21  17  13  -3  -2  16  -9  20  -5 -12  -8  -4  -6 -14  -7  -1 ]
];
