nTeams=32;

dist=[
[       0  1270   396   189   739     480   364   554   805  1023     941  1617  1753  2581  1237    2682   189  1542   394   255     848  1119   628   865   728    1170   921  1356  2489  1034    2295  2695 ]
[    1270     0  1201  1104   972    1024   960  1094  1028   329     820   967  1710  2258  1246    2571  1104  1109   933  1047    1195  1515  1157  1375   657     207   617   654  2732  1068    1974  2583 ]
[     396  1201     0   294   395     183   287   185   440   893     632  1306  1357  2189   851    2287   294  1195   301   283     455   729   237   475   553    1046   690  1093  2114   664    1907  2299 ]
[     189  1104   294     0   571     315   176   409   644   843     759  1433  1616  2431  1085    2556     0  1366   205    66     712  1016   496   763   540     992   732  1167  2407   873    2141  2569 ]
[     739   972   395   571     0     259   428   211    88   643     244   910  1072  1866   526    2021   571   807   410   517     240   592   215   407   349     782   369   715  1961   304    1574  2033 ]
[     480  1024   183   315   259       0   200   115   329   712     472  1152  1305  2116   770    2249   315  1063   195   267     409   740   213   499   372     865   509   921  2136   558    1826  2262 ]
[     364   960   287   176   428     200     0   314   509   680     593  1261  1495  2294   953    2442   176  1203    30   109     607   939   411   696   366     832   557   992  2336   731    2001  2454 ]
[     554  1094   185   409   211     115   314     0   257   772     452  1121  1207  2028   682    2148   409  1010   310   369     303   626    98   384   437     922   536   919  2022   484    1741  2160 ]
[     805  1028   440   644    88     329   509   257     0   700     248   878   987  1788   444    1935   644   755   493   593     167   512   225   347   427     833   415   713  1874   230    1498  1948 ]
[    1023   329   893   843   643     712   680   772   700     0     502   829  1453  2085   953    2356   843   906   651   779     867  1193   831  1046   340     154   293   493  2456   757    1791  2368 ]
[     941   820   632   759   244     472   593   452   248   502       0   680  1008  1741   471    1946   759   612   567   697     396   695   456   582   336     616   212   472  1974   257    1445  1959 ]
[    1617   967  1306  1433   910    1152  1261  1121   878   829     680     0   871  1291   670    1623  1433   242  1233  1368     954  1067  1102  1107   933     807   727   336  1891   696    1010  1634 ]
[    1753  1710  1357  1616  1072    1305  1495  1207   987  1453    1008   871     0   847   550     949  1616   643  1480  1572     906   689  1126   913  1341    1510  1200  1078  1033   780     593   961 ]
[    2581  2258  2189  2431  1866    2116  2294  2028  1788  2085    1741  1291   847     0  1346     452  2431  1180  2275  2381    1734  1535  1954  1759  2074    2090  1895  1612  1071  1563     298   458 ]
[    1237  1246   851  1085   526     770   953   682   444   953     471   670   550  1346     0    1498  1085   456   936  1036     400   397   614   488   797    1039   676   697  1505   231    1058  1510 ]
[    2682  2571  2287  2556  2021    2249  2442  2148  1935  2356    1946  1623   949   452  1498       0  2556  1462  2428  2515    1844  1574  2062  1822  2282    2386  2127  1917   684  1728     635    13 ]
[     189  1104   294     0   571     315   176   409   644   843     759  1433  1616  2431  1085    2556     0  1366   205    66     712  1016   496   763   540     992   732  1167  2407   873    2141  2569 ]
[    1542  1109  1195  1366   807    1063  1203  1010   755   906     612   242   643  1180   456    1462  1366     0  1178  1305     794   851   973   926   920     924   727   456  1673   541     885  1474 ]
[     394   933   301   205   410     195    30   310   493   651     567  1233  1480  2275   936    2428   205  1178     0   139     598   935   408   695   336     803   527   963  2330   712    1981  2440 ]
[     255  1047   283    66   517     267   109   369   593   779     697  1368  1572  2381  1036    2515    66  1305   139     0     672   988   461   737   473     929   666  1101  2383   820    2090  2528 ]
[     848  1195   455   712   240     409   607   303   167   867     396   954   906  1734   400    1844   712   794   598   672       0   353   220   186   589     997   579   838  1737   258    1452  1857 ]
[    1119  1515   729  1016   592     740   939   626   512  1193     695  1067   689  1535   397    1574  1016   851   935   988     353     0   529   254   939    1311   900  1057  1397   460    1278  1586 ]
[     628  1157   237   496   215     213   411    98   225   831     456  1102  1126  1954   614    2062   496   973   408   461     220   529     0   287   506     977   575   927  1926   435    1670  2074 ]
[     865  1375   475   763   407     499   696   384   347  1046     582  1107   913  1759   488    1822   763   926   695   737     186   254   287     0   752    1180   762  1017  1645   418    1490  1834 ]
[     728   657   553   540   349     372   366   437   427   340     336   933  1341  2074   797    2282   540   920   336   473     589   939   506   752     0     493   206   639  2284   569    1776  2295 ]
[    1170   207  1046   992   782     865   832   922   833   154     616   807  1510  2090  1039    2386   992   924   803   929     997  1311   977  1180   493       0   418   478  2529   862    1801  2398 ]
[     921   617   690   732   369     509   557   536   415   293     212   727  1200  1895   676    2127   732   727   527   666     579   900   575   762   206     418     0   436  2182   468    1598  2140 ]
[    1356   654  1093  1167   715     921   992   919   713   493     472   336  1078  1612   697    1917  1167   456   963  1101     838  1057   927  1017   639     478   436     0  2110   609    1324  1928 ]
[    2489  2732  2114  2407  1961    2136  2336  2022  1874  2456    1974  1891  1033  1071  1505     684  2407  1673  2330  2383    1737  1397  1926  1645  2284    2529  2182  2110     0  1721    1111   687 ]
[    1034  1068   664   873   304     558   731   484   230   757     257   696   780  1563   231    1728   873   541   712   820     258   460   435   418   569     862   468   609  1721     0    1270  1741 ]
[    2295  1974  1907  2141  1574    1826  2001  1741  1498  1791    1445  1010   593   298  1058     635  2141   885  1981  2090    1452  1278  1670  1490  1776    1801  1598  1324  1111  1270       0   645 ]
[    2695  2583  2299  2569  2033    2262  2454  2160  1948  2368    1959  1634   961   458  1510      13  2569  1474  2440  2528    1857  1586  2074  1834  2295    2398  2140  1928   687  1741     645     0 ]
];


opponents=[
[ -32 -31 -30 -29 -28 -27 -26 -25 -24 -23 -22 -21 -20 -19 -18 -17  16  15  14  13  12  11  10   9   8   7   6   5   4   3   2   1 ]
[ -31 -17 -32 -30 -29 -28 -27 -26 -25 -24 -23 -22 -21 -20 -19 -18   2  16  15  14  13  12  11  10   9   8   7   6   5   4   1   3 ]
[ -30 -32 -18 -17 -31 -29 -28 -27 -26 -25 -24 -23 -22 -21 -20 -19   4   3  16  15  14  13  12  11  10   9   8   7   6   1   5   2 ]
[ -29 -30 -20 -19 -18 -17 -32 -31 -28 -27 -26 -25 -24 -23 -22 -21   6   5   4   3  16  15  14  13  12  11  10   9   1   2   8   7 ]
[ -28 -29 -31 -22 -21 -20 -19 -18 -17 -32 -30 -27 -26 -25 -24 -23   9   8   7   6   5   4  16  15  14  13  12   1   2  11   3  10 ]
[ -27 -28 -29 -24 -23 -18 -21 -19 -10   9 -32 -20 -31 -30 -26 -25 -22   6   8  12   7  17   5   4  16  15   1   2   3  14  13  11 ]
[ -26 -27 -28 -32 -22 -24 -20 -21 -19 -18 -17 -29 -23 -31 -25 -30  11  10   9   7   8   5  13   6  15   1   2   3  12  16  14   4 ]
[ -25 -26 -27 -31 -14 -22 -13 -12 -15 -11  10   8   7   5   9  17 -16 -28 -29 -24 -32   6 -30  20   1   2   3  18  19  23   4  21 ]
[ -24 -25 -26 -14 -32 -30 -15 -13 -11 -22   9 -28   8   4   7  18 -29 -16 -31 -23 -27  10  20   1   2   3  21  12  17   6  19   5 ]
[ -23 -24 -25 -13 -12 -11 -31 -20 -29 -15   6   5   4 -16  10  14 -27 -30 -26   8 -28 -32   1   2   3  19  17  21   9  18   7  22 ]
[ -22 -23 -24 -18 -20 -26 -30 -32 -31 -28  15 -19 -25 -27 -11 -29 -21   4  12   5  17   1   2   3  13   6  14  10  16   7   9   8 ]
[ -21 -22 -23 -25 -24 -31 -18 -29 -32 -17 -12  11 -27 -28 -30 -26  10   7  20 -19   1   2   3   5   4  16  13  14   8  15   6   9 ]
[ -20 -21 -22 -28 -25 -23 -14  -9   8 -26 -31 -17 -19   7 -29 -32  12 -24  13   1   2   3   6  18   5  10 -30   4  15  27  11  16 ]
[ -19 -20 -12  -6  -9   4   8  -7   5 -31 -29   3 -32 -15  14 -28  23 -27   1   2 -24 -26 -17  21 -30  22  18  16  11  25  10  13 ]
[ -18 -19 -21 -12 -27 -25 -10 -24 -16   7 -28   4 -30 -29 -31   9 -32   1   2  22   3 -20  26   8   6 -23   5  11  14  13  15  17 ]
[ -17 -16 -19 -21 -30 -32  -9 -28   7 -29 -25 -31 -18 -26 -27   2   1  13   3 -22   4  20  24 -23  11  14  15   8  10   5  12   6 ]
[ -16 -18 -17 -27 -26 -19 -29 -23 -22 -30 -21 -24 -14  13 -28   1   3   2   6 -32  11   9   8  12 -31   5   4  15   7  10  25  20 ]
[ -15 -14 -16 -26 -19 -21 -25 -30 -23 -20 -27 -32 -29   2   1   3 -28 -31   5  10   6 -24   9  22   7   4  11  17  13   8  18  12 ]
[ -14 -13 -15 -23 -17 -16 -24 -22 -30 -21 -20 -26   2   1   3   6   5 -32 -28  11  10   8   4   7 -29  12 -31  19  25   9  27  18 ]
[ -13 -12 -14 -20 -16 -15 -23 -17 -27 -19 -18   2   1   3   6   5   8  11  10   4 -31 -30   7 -29 -32 -28   9  26  24  22  21  25 ]
[ -12 -11 -13  -7  17 -14   4 -15 -21 -16   2   1   3   6   8  10  -5 -29 -25 -31   9 -28 -32 -26  19  24  30  22  18 -27  20  23 ]
[ -11  -9 -10 -16 -15 -13 -22 -14   2   3   1 -30   6   8   5   4 -31 -25 -27 -21  20   7 -26 -32  18  23  19 -29  28  12  17  24 ]
[ -10 -15  -9 -11 -13 -12 -17 -16   3   1   4   6   5 -32   2   8   7 -26 -24 -30 -29 -27 -25  19  23  18  22  31  21  20 -28  14 ]
[  -9 -10  -7 -15 -11   8   3  -6   1   2   5 -18 -28 -24   4 -31 -30  12 -32 -29 -26 -25 -27  14  22  21  23  13  20  17  16  19 ]
[  -8  -7   6  -9 -10  -3   2   1   4   5 -19 -16 -17 -22 -32  12  13 -23  11 -27 -30  14  18 -28 -26  25  20  24 -31  21  29  15 ]
[  -7  -6 -11 -10  -8   2   1   5 -20   4   3 -15 -16 -18  12  13 -26  14 -30   9 -25 -29 -28 -31  21  17 -32  23  22  19  24  27 ]
[  -6  -8  -4   3  -7   1   5   2 -18 -14 -16 -13  12  10 -23  11 -25   9 -20  19 -22  21  15 -30  17 -27  26 -32  31  24 -29  28 ]
[  -5  -4  -8   2   1 -10 -16   3 -14   6 -15  13 -12   9  11   7 -23 -21  26 -28  18  24  17 -22 -27 -19  25  20 -32 -31  30  29 ]
[  -4  -5  -6   1   2   3 -12  10 -13  -8 -14   7   9  11 -21 -27 -19 -22  17 -26  15  18 -29 -25  24  20  16 -31  23 -32  28  30 ]
[  -3   4   1  -2  -6   5 -11 -10 -12   8   7   9 -15 -17  13 -22  14 -20 -23  18  25  16  19 -27 -21  29  24 -30 -26  28 -32  31 ]
[  -2   1  -5  -8   3   7  -6   4  10  -9 -13 -14  11  12 -17 -24  15 -19  18 -25 -23 -31  21  16  20 -32  28 -27 -30  29  22  26 ]
[   2  -1   4  -3   6  -5  12   9  -8  11 -10  -7  14 -13  17 -20 -15  19 -18  16  24  30  25 -21 -23  28 -29 -26  27 -22  32 -31 ]
[   3   5  -1   6  -2  -4  -8   7  11  13  -9  14 -10 -12  16 -15  26  29 -22  21 -20  19 -31  25 -24 -17 -28  27 -18  32  23 -30 ]
[   4   7   5  -1  -3   9  -2  12  -6  15  13  -8 -11  16 -10 -14 -18  17 -21  25  19 -23  22  32 -20  27 -26  29 -28  31 -30 -24 ]
[   5  12   9   7  -1  11  -4  13  -3  14  -6  -2  -8 -10 -16  15  19  31 -17  24  30  29  28 -20  27  32 -25 -23 -22 -21 -18 -26 ]
[   6   8  13   9   7  -1  -5  -2  -4  21  12 -11  -3  15 -14  20  18 -17  24 -16 -10  32  27 -19  29 -31 -23  30 -25 -28  26 -22 ]
[   7  -3   2  10   9  13  -1  21  -5  -4  19  15  -6  18 -12  24  20 -14 -11 -17  -8  27  32 -16  28  31 -22 -25  30 -29 -26 -23 ]
[   8   3  -2  -5   4  10  11  -1  14  -6  -7  32  16  -9  19 -13 -24  22 -15  28  27 -18  29  17  31 -30 -21 -20 -23  26 -25 -12 ]
[   9   6   7   5  -4  -2  -3  14  -1  12  16 -10  15  -8 -13 -11 -20  30  29  17  22 -21 -24  23  26 -25  31  32 -19 -18 -27 -28 ]
[  10  13  11  15  18  -7   6  16  12  -1  -3  -9  -2  19  -4  -8  22  -5 -14  27  23 -17 -21  31 -28  30 -20  25  32 -26 -24 -29 ]
[  11  10  12  14   8  32  13  -5  15  -2  -1  -3  -7  -4  -9  31  24  20  27 -18  28  23 -22 -17  30 -29 -19 -21  26 -25 -16  -6 ]
[  12   9  14   8  11  17  31  -4  -2  16  -5  -1  19  -3  22 -10  -6  25 -13  29  26 -15  30  28 -18 -21  32 -24 -20 -23  -7 -27 ]
[  13  11   8  12  10  16  28  -3  18  -5  -2  -4  -1  17  20  -6 -14  -9  21 -15 -19  26  31  30  32 -22  29  -7 -27 -24 -23 -25 ]
[  14  15  27  29  12  -9  10  32   6  -7  21  -5  20  -1  -2  25  30  28  23 -13 -11  31 -19  26 -16 -24  -3 -18  -4 -17 -22  -8 ]
[  15  22  10  11  24  30  27  29  25  -3  -4  28  18  26  -1  23  21 -13  31  32 -17  -2 -16  -5  -9 -14  -7 -12  -8  -6 -19 -20 ]
[  16  26  18  30  31  -8   9   6  -7  32  27  19  21  22  28  -1  25  -3 -12  23 -13 -14 -20  29 -17  -2 -11 -15 -24  -4  -5 -10 ]
[  17  14  23  19  20  25  16  26  22  31  28  30  29  -2  18  -7  -1 -15  -4  -5  32  -9  -3  27  -6  -8 -24 -11 -13 -12 -10 -21 ]
[  18  17  26  28  13  31  20  22  23  24  30  25  -5  29  27  21  -2  -1  32  -7 -16  -8  -9 -10 -12  -3 -15  -4 -14 -11  -6 -19 ]
[  19  27  15  31  14  21  23  24  32 -12  29  10  25  -5  -3  22  28  26  -1  30  -6 -16  -7  -8 -13 -18  -2 -17 -11 -20  -4  -9 ]
[  20  31  32  13  28  12  30  25  17  19  22  -6  -4  24  23  26  -9  27 -10  -1  29 -11 -15 -14  -8 -16 -18  -5 -21  -7  -2  -3 ]
[  21  32  16  18  29  15  26  30  13  23  24  17  -9  27  -6  -3 -12  -4  25  31  -1  28 -10 -11 -19  -7 -14 -22  -5  -8 -20  -2 ]
[  22  18  20  23  16  26  14  28  27  29  31  21  24  -7  25  -5  32  -2  30  -3 -12  -1  -4 -13 -15  -6  -9  -8 -10 -19 -11 -17 ]
[  23  16  21  27  32  14  22 -11  20  25   8  26  31  -6  30  -2  29  24  28  -9  -3  -7  -1 -18 -10 -12  -4 -19 -17 -15 -13  -5 ]
[  24  19  17  20  26  22  15  18  28  30  25  23  27  32  -7  29  -3  -8  -2  -4  31  -6 -12  -1 -11  -5 -13  -9 -16 -10 -21 -14 ]
[  25  20  24  21  30  18  19  31  29  22  26  27  17  23  32  28 -13  -6  -7  -2  -4 -10 -14  -3  -1 -11 -12 -16  -9  -5  -8 -15 ]
[  26  25  28  32  22  23  24  11  19 -13  -8  29  10  20  31  30  27  21  -9 -14 -18  -5  -6  -7  -2  -1 -17  -3 -12 -16 -15  -4 ]
[  27  28  30  22  21  19  25  23  16  17  18  24  32  31  29  -9 -10 -11  -6  26  -5  -4  -8 -12  -7 -20  -1  -2 -15  -3 -14 -13 ]
[  28  21  31  17  27  24  29  19  30  18  14  20  23 -11  26  32  -4 -10  -8 -12  -2  25 -13  -6 -22 -15  -5  -1  -7  -9  -3 -16 ]
[  29  23  25  16  19  20  21  27  31  26  17  22  28  30  24  -4 -11  32  -5  -6  -7 -12  -2 -15  -3 -10  -8 -13  -1 -14  -9 -18 ]
[  30  24  19  26  25  29  17  15  21  20  32  31  22  28  -8  27  -7  23  -3 -10  -9 -13 -18  -2  -5  -4 -16 -14  -6  -1 -12 -11 ]
[  31  29  22  24  23  28  32  17  26  27  20  18  30  25  21  19  -8 -12 -16 -11 -15  -3  -5  -4 -14  -9 -10  -6  -2 -13  -1  -7 ]
[  32  30  29  25  15  27  18  20  24  28  23  16  26  21  -5 -12  31  -7  22  -8 -14 -19 -11  -9  -4 -13  -6 -10  -3  -2 -17  -1 ]
];


