nTeams=26;

dist=[
[       0   1270   396   189   739     480   364   554   805  1023     941  1617  1753  2581  1237    2682   189  1542   394   255     848  1119   628   865   728    1170 ]
[    1270     0   1201  1104   972    1024   960  1094  1028   329     820   967  1710  2258  1246    2571  1104  1109   933  1047    1195  1515  1157  1375   657     207 ]
[     396  1201     0    294   395     183   287   185   440   893     632  1306  1357  2189   851    2287   294  1195   301   283     455   729   237   475   553    1046 ]
[     189  1104   294     0    571     315   176   409   644   843     759  1433  1616  2431  1085    2556     0  1366   205    66     712  1016   496   763   540     992 ]
[     739   972   395   571     0      259   428   211    88   643     244   910  1072  1866   526    2021   571   807   410   517     240   592   215   407   349     782 ]
[     480  1024   183   315   259       0    200   115   329   712     472  1152  1305  2116   770    2249   315  1063   195   267     409   740   213   499   372     865 ]
[     364   960   287   176   428     200     0    314   509   680     593  1261  1495  2294   953    2442   176  1203    30   109     607   939   411   696   366     832 ]
[     554  1094   185   409   211     115   314     0    257   772     452  1121  1207  2028   682    2148   409  1010   310   369     303   626    98   384   437     922 ]
[     805  1028   440   644    88     329   509   257     0    700     248   878   987  1788   444    1935   644   755   493   593     167   512   225   347   427     833 ]
[    1023   329   893   843   643     712   680   772   700     0      502   829  1453  2085   953    2356   843   906   651   779     867  1193   831  1046   340     154 ]
[     941   820   632   759   244     472   593   452   248   502       0    680  1008  1741   471    1946   759   612   567   697     396   695   456   582   336     616 ]
[    1617   967  1306  1433   910    1152  1261  1121   878   829     680     0    871  1291   670    1623  1433   242  1233  1368     954  1067  1102  1107   933     807 ]
[    1753  1710  1357  1616  1072    1305  1495  1207   987  1453    1008   871     0    847   550     949  1616   643  1480  1572     906   689  1126   913  1341    1510 ]
[    2581  2258  2189  2431  1866    2116  2294  2028  1788  2085    1741  1291   847     0   1346     452  2431  1180  2275  2381    1734  1535  1954  1759  2074    2090 ]
[    1237  1246   851  1085   526     770   953   682   444   953     471   670   550  1346     0     1498  1085   456   936  1036     400   397   614   488   797    1039 ]
[    2682  2571  2287  2556  2021    2249  2442  2148  1935  2356    1946  1623   949   452  1498       0   2556  1462  2428  2515    1844  1574  2062  1822  2282    2386 ]
[     189  1104   294     0   571     315   176   409   644   843     759  1433  1616  2431  1085    2556     0   1366   205    66     712  1016   496   763   540     992 ]
[    1542  1109  1195  1366   807    1063  1203  1010   755   906     612   242   643  1180   456    1462  1366     0   1178  1305     794   851   973   926   920     924 ]
[     394   933   301   205   410     195    30   310   493   651     567  1233  1480  2275   936    2428   205  1178     0    139     598   935   408   695   336     803 ]
[     255  1047   283    66   517     267   109   369   593   779     697  1368  1572  2381  1036    2515    66  1305   139     0      672   988   461   737   473     929 ]
[     848  1195   455   712   240     409   607   303   167   867     396   954   906  1734   400    1844   712   794   598   672       0    353   220   186   589     997 ]
[    1119  1515   729  1016   592     740   939   626   512  1193     695  1067   689  1535   397    1574  1016   851   935   988     353     0    529   254   939    1311 ]
[     628  1157   237   496   215     213   411    98   225   831     456  1102  1126  1954   614    2062   496   973   408   461     220   529     0    287   506     977 ]
[     865  1375   475   763   407     499   696   384   347  1046     582  1107   913  1759   488    1822   763   926   695   737     186   254   287     0    752    1180 ]
[     728   657   553   540   349     372   366   437   427   340     336   933  1341  2074   797    2282   540   920   336   473     589   939   506   752      0     493 ]
[    1170   207  1046   992   782     865   832   922   833   154     616   807  1510  2090  1039    2386   992   924   803   929     997  1311   977   1180   493       0 ]
];


opponents=[
[ -26 -25 -24 -23 -22 -21 -20 -19 -18 -17 -16 -15 -14  13  12  11  10   9   8   7   6   5   4   3   2   1 ]
[ -25 -14 -26 -24 -23 -22 -21 -20 -19 -18 -17 -16 -15   2  13  12  11  10   9   8   7   6   5   4   1   3 ]
[ -24 -26 -15 -14 -25 -23 -22 -21 -20 -19 -18 -17 -16   4   3  13  12  11  10   9   8   7   6   1   5   2 ]
[ -23 -24 -17 -16 -15 -14 -26 -25 -22 -21 -20 -19 -18   6   5   4   3  13  12  11  10   9   1   2   8   7 ]
[ -22 -23 -25 -19 -18 -17 -16 -15 -14 -26 -24 -21 -20   9   8   7   6   5   4  13  12   1   2  11   3  10 ]
[ -21 -22 -23 -10  -8  -7   6   5 -17   4 -26  14 -25 -12 -20 -18   9  16 -24  15   1   2   3  19  13  11 ]
[ -20 -21 -22 -26 -17 -19 -14 -10 -11   8   9 -24 -23   7  16 -15   5 -25   6   1   2   3  13  12  18   4 ]
[ -19 -20 -21  -9 -26 -11  -8   7   4 -12   6  10  15 -24 -13 -25 -23 -22   1   2   3  18  17  14  16   5 ]
[ -18 -19 -20 -25 -14 -26 -24 -16 -13 -11  10 -23   9   5 -22   8 -21   1   2   3  17  15  12   7   4   6 ]
[ -17 -18 -19 -22 -21 -20 -15 -26 -16 -14 -23 -25 -24  10   7   9   1   2   3   6   5   4  11  13  12   8 ]
[ -16 -17 -18 -21 -19 -25 -11 -24 -12 -13   7   9  10 -23 -26   1   2   3   5 -22   4  20  14   8   6  15 ]
[ -15 -16 -11  -8 -20 -24 -12   4 -26 -25   3   7  17 -18   1   2 -13  14  21   5 -19  23 -22   6  10   9 ]
[ -14 -11 -16 -12 -24  -8 -19   6 -25 -23   2   4  18   1 -21   3 -22 -13   7 -26  15  17  10   5   9  20 ]
[ -13 -15 -14 -20 -16 -18 -25 -22 -23 -24 -21 -26   1   3   2   5 -19   6  17   4  11   8   9  10   7  12 ]
[ -12 -13 -10 -18 -11 -16 -23 -17 -24   3   5   1   2 -26 -25   6   8   4 -22 -21  20  19   7   9  15  14 ]
[ -11 -12 -13 -17 -10  -9 -18 -23   6   5   1   2   3 -22 -24 -21   4   7 -26 -25  16  14   8  15  20  19 ]
[ -10  -9 -12 -11 -13 -15 -17 -18   2   1   4   3   5 -25   6 -26   7   8 -23 -24 -22  21  19  20  14  16 ]
[  -9 -10  -8 -15 -12  11 -13   3   1   2  -6   5   7 -21   4 -24 -20 -23 -25  17  14 -26  18  16  19  22 ]
[  -8  -7  -9 -13  -6   5   2   1   3 -22 -25 -20   4 -19 -18 -23 -26  15  14  12 -24  10  16  21  11  17 ]
[  -7  -8  -6  -5   4   3   1   2 -21 -20 -19 -22 -26 -15  14 -17  16 -24  11  10   9  12 -25  18  23  13 ]
[  -6  -5  -7   8   2   1   3  -4 -15 -16 -14 -18 -22  11   9  10 -25  12 -21 -23  19  13  20 -26  17  24 ]
[  -5  -6  -4   3   1   2 -10   9  -8   7 -22 -14 -21  12 -23 -20 -24  19 -18  16  13  11  15  17 -26  25 ]
[  -4  -3   2   1  -9   7  -6  11   5 -15  -8 -13  12 -17  10 -22  14 -26 -20  19 -25  16 -24  23  21  18 ]
[  -3  -4   1   2  -7 -13   5 -14 -10   9  12 -11   6   8 -17 -19  15  20  16 -18 -26 -23  22 -25  24  21 ]
[  -2   1  -5  -7   3   9   4  10  -6  -8 -12  11 -19 -20 -16  15 -18  17  13  14 -23 -24  21  22  26 -25 ]
[   2  -1   4  -3   7 -12  -5 -11  10  -9   8   6 -17  18 -19  20  13 -14  15 -16  22 -21 -26  25 -24  23 ]
[   3   7  -1   5  -4 -10  -2  16  12   6  13  -9 -11  15 -14  -8  19 -20 -17  18  23 -25 -21  26  22 -24 ]
[   4   3  -2  -1   6  -5  10  12  13  -7  14  -8  -9 -11  17  19 -15  26 -16  22  25 -20  24 -23 -21 -18 ]
[   5   4   6  -2  -1  -3  14 -13  11  12  -9 -10   8  -7  19  26  20  23 -15 -17  24  25 -18 -21 -22 -16 ]
[   6  10   8   7   9  -1  -4  -3  -5  -2 -13  15  11  26 -12  17 -16 -21  22  24  18 -19  25 -20 -23 -14 ]
[   7   8   5   9  -3  10  -1  -2  -4  -6  15  13 -12  16 -11 -14  21 -19  18  25 -17  24  26 -22 -20 -23 ]
[   8   5  11  13  -2  12   9  -1  -7  15  -3  -6  -4  25 -10  22  18 -17  24  23  26 -16 -20 -19 -14 -21 ]
[   9   6   7  11   8  -2  -3  -5  -1  13  -4  19 -10 -16  25  14  23  24 -12  21 -20  26 -17 -18 -15 -22 ]
[  10   9  19  26  12  25  20  23  -2  -1 -15  -5  24  21  11  18  22 -16  -3  -7 -14 -17  -8 -13  -6  -4 ]
[  11  12  10  -6  17   4  -9  24   7  -3  -1  -2  16  22  23 -13  -5  21  25  26 -18 -14 -15  -8 -19 -20 ]
[  12  14   9  20  23  24   8  -7  -3  18  16  -1  22  -2  21 -11  25 -10  26  -4 -15 -13  -5  -6 -17 -19 ]
[  13  18  21   6  16  -4  22  26  25  14  19  23  -1 -10  20  -5  24  -2 -11 -15  -3  -7 -12 -17  -9  -8 ]
[  14  24  13  25  21  15  18  -9   8  22  26  17  -3  -1  -6  23 -12  -7  20 -19  -5 -10 -16  -2  -4 -11 ]
[  15  26  14  10  13  17  21  25  20  -4  22  18  -5  -3  -1  24  -6 -12  23  -9  -7 -11 -19 -16  -8  -2 ]
[  16  11  23  17  15   8  24  -6  26  19  -2  22  21  20  -5  -1  -4  25 -10 -14 -13 -12  -3  -7 -18  -9 ]
[  17  19  12  21  10  22  11  18  23  -5  -7  -3  20  24  26  25  -1  -8  -2 -13  -4  -6  -9 -14 -16 -15 ]
[  18  25  16  12  19  21  23  13  14  20  24  -4  -8  -9  22  -3  26  -1  -5 -10  -6 -15  -7 -11  -2 -17 ]
[  19  20  18  22  14  13  25 -12  17  26  23   8  -6  -5  24  21  -9  -3  -1  -2 -16  -4 -11 -15  -7 -10 ]
[  20  13  26  15  25  16  12  17  19  24  21  -7  -2  23  -4  -6  -8  22  -9  -1 -11 -18 -14 -10  -5  -3 ]
[  21  15  22  23  26  20  13  19  16  25  18  24  -7  17  -2  -9 -14 -11  -8  -6  -1  -3  -4 -12 -10  -5 ]
[  22  16  17  18  24  19  26  14  15  23  20  21  25  -8  -9  -2  -3  -4  -6 -11 -12  -1 -10  -5 -13  -7 ]
[  23  17  24  19  20  18  15  21  22  16  25  26  14 -13  -7 -10  -2  -6  -4  -5  -8  -9  -1  -3 -11 -12 ]
[  24  21  25  16  22  23  17  15  18  11 -10  20  26  19  -8  -4  -7  -9 -14 -12  -2  -5  -6  -1  -3 -13 ]
[  25  22  15  14  18  26  19  20  24  21  17  16  23  -4  -3 -12 -11  -5  -7  -8 -10  -2 -13  -9  -1  -6 ]
[  26  23  20  24  11  14  16  22  21  17  -5  25  19  -6  18  -7 -10 -15 -13  -3  -9  -8  -2  -4 -12  -1 ]
];
