/*permutation=[4,5,6,7,8,1,2,3]*/

nTeams=8;

dist= [
[  0  1380  408  622  646  929  337  380]
[  1380  0  1010  957  1190  605  1090  1020]
[  408  1010  0  253  410  521  315  257]
[  622  957  253  0  250  370  567  501]
[  646  1190  410  250  0  587  712  664]
[  929  605  521  370  587  0  745  665]
[  337  1090  315  567  712  745  0  80]
[  380  1020  257  501  664  665  80  0]
];

opponents=[
[  5  -6  -7  8  -1  2  3  -4]
[  6  8  -5  7  3  -1  -4  -2]
[  4  7  8  -1  6  -5  -2  -3]
[  -6  -8  7  -5  4  1  -3  2]
[  -8  -7  4  -3  -6  5  2  1]
[  -7  3  -2  6  -8  -4  1  5]
[  8  6  -4  3  -7  -2  5  -1]
[  7  4  6  -2  8  -3  -1  -5]
[  -4  -3  2  1  7  8  -5  -6]
[  -2  1  -6  5  -4  3  -8  7]
[  -3  5  1  -8  -2  -7  6  4]
[  2  -1  5  -7  -3  -8  4  6]
[  3  -5  -1  -6  2  4  8  -7]
[  -5  -4  -8  2  1  7  -6  3]
];

