nTeams=28;


dist=[
[       0   1270   396   189   739     480   364   554   805  1023     941  1617  1753  2581  1237    2682   189  1542   394   255     848  1119   628   865   728    1170   921  1356 ]
[    1270     0   1201  1104   972    1024   960  1094  1028   329     820   967  1710  2258  1246    2571  1104  1109   933  1047    1195  1515  1157  1375   657     207   617   654 ]
[     396  1201     0    294   395     183   287   185   440   893     632  1306  1357  2189   851    2287   294  1195   301   283     455   729   237   475   553    1046   690  1093 ]
[     189  1104   294     0    571     315   176   409   644   843     759  1433  1616  2431  1085    2556     0  1366   205    66     712  1016   496   763   540     992   732  1167 ]
[     739   972   395   571     0      259   428   211    88   643     244   910  1072  1866   526    2021   571   807   410   517     240   592   215   407   349     782   369   715 ]
[     480  1024   183   315   259       0    200   115   329   712     472  1152  1305  2116   770    2249   315  1063   195   267     409   740   213   499   372     865   509   921 ]
[     364   960   287   176   428     200     0    314   509   680     593  1261  1495  2294   953    2442   176  1203    30   109     607   939   411   696   366     832   557   992 ]
[     554  1094   185   409   211     115   314     0    257   772     452  1121  1207  2028   682    2148   409  1010   310   369     303   626    98   384   437     922   536   919 ]
[     805  1028   440   644    88     329   509   257     0    700     248   878   987  1788   444    1935   644   755   493   593     167   512   225   347   427     833   415   713 ]
[    1023   329   893   843   643     712   680   772   700     0      502   829  1453  2085   953    2356   843   906   651   779     867  1193   831  1046   340     154   293   493 ]
[     941   820   632   759   244     472   593   452   248   502       0    680  1008  1741   471    1946   759   612   567   697     396   695   456   582   336     616   212   472 ]
[    1617   967  1306  1433   910    1152  1261  1121   878   829     680     0    871  1291   670    1623  1433   242  1233  1368     954  1067  1102  1107   933     807   727   336 ] 
[    1753  1710  1357  1616  1072    1305  1495  1207   987  1453    1008   871     0    847   550     949  1616   643  1480  1572     906   689  1126   913  1341    1510  1200  1078 ]
[    2581  2258  2189  2431  1866    2116  2294  2028  1788  2085    1741  1291   847     0   1346     452  2431  1180  2275  2381    1734  1535  1954  1759  2074    2090  1895  1612 ]
[    1237  1246   851  1085   526     770   953   682   444   953     471   670   550  1346     0     1498  1085   456   936  1036     400   397   614   488   797    1039   676   697 ]
[    2682  2571  2287  2556  2021    2249  2442  2148  1935  2356    1946  1623   949   452  1498       0   2556  1462  2428  2515    1844  1574  2062  1822  2282    2386  2127  1917 ]
[     189  1104   294     0   571     315   176   409   644   843     759  1433  1616  2431  1085    2556     0   1366   205    66     712  1016   496   763   540     992   732  1167 ]
[    1542  1109  1195  1366   807    1063  1203  1010   755   906     612   242   643  1180   456    1462  1366     0   1178  1305     794   851   973   926   920     924   727   456 ]
[     394   933   301   205   410     195    30   310   493   651     567  1233  1480  2275   936    2428   205  1178     0    139     598   935   408   695   336     803   527   963 ]
[     255  1047   283    66   517     267   109   369   593   779     697  1368  1572  2381  1036    2515    66  1305   139     0      672   988   461   737   473     929   666  1101 ]
[     848  1195   455   712   240     409   607   303   167   867     396   954   906  1734   400    1844   712   794   598   672       0    353   220   186   589     997   579   838 ]
[    1119  1515   729  1016   592     740   939   626   512  1193     695  1067   689  1535   397    1574  1016   851   935   988     353     0    529   254   939    1311   900  1057 ]
[     628  1157   237   496   215     213   411    98   225   831     456  1102  1126  1954   614    2062   496   973   408   461     220   529     0    287   506     977   575   927 ]
[     865  1375   475   763   407     499   696   384   347  1046     582  1107   913  1759   488    1822   763   926   695   737     186   254   287     0    752    1180   762  1017 ]
[     728   657   553   540   349     372   366   437   427   340     336   933  1341  2074   797    2282   540   920   336   473     589   939   506   752     0      493   206   639 ]
[    1170   207  1046   992   782     865   832   922   833   154     616   807  1510  2090  1039    2386   992   924   803   929     997  1311   977  1180   493       0    418   478 ]
[     921   617   690   732   369     509   557   536   415   293     212   727  1200  1895   676    2127   732   727   527   666     579   900   575   762   206     418      0   436 ]
[    1356   654  1093  1167   715     921   992   919   713   493     472   336  1078  1612   697    1917  1167   456   963  1101     838  1057   927  1017   639     478    436     0 ]
];


opponents=[
[ -28 -27 -26 -25 -24 -23 -22 -21 -20 -19 -18 -17 -16 -15  14  13  12  11  10   9   8   7   6   5   4   3   2   1 ]
[ -27 -15 -28 -26 -25 -24 -23 -22 -21 -20 -19 -18 -17 -16   2  14  13  12  11  10   9   8   7   6   5   4   1   3 ]
[ -26 -28 -16 -15 -27 -25 -24 -23 -22 -21 -20 -19 -18 -17   4   3  14  13  12  11  10   9   8   7   6   1   5   2 ]
[ -25 -26 -18 -17 -16 -15 -28 -27 -24 -23 -22 -21 -20 -19   6   5   4   3  14  13  12  11  10   9   1   2   8   7 ]
[ -24 -25 -27 -20 -19 -18 -17 -16 -15 -28 -26 -23 -22 -21   9   8   7   6   5   4  14  13  12   1   2  11   3  10 ]
[ -23 -24 -25 -22 -17 -21 -15 -10 -19   8 -28 -20 -27 -26   7 -18   5  16   9  12   6   4   1   2   3  14  13  11 ]
[ -22 -23 -24 -12 -11 -10  -9 -13   7   6   5   4   8 -28 -16  15 -26 -25 -21 -27  19   1   2   3  18  17  20  14 ]
[ -21 -22 -23 -13 -28 -12 -11 -14 -10   9   7   6   4   8 -27  19 -25 -24 -16 -26   1   2   3  18  17  20  15   5 ]
[ -20 -21 -22 -23 -26 -28 -27 -19 -18 -17 -15 -24  14 -13  11 -25  10   9   8   1   2   3   4  12  16   5   7   6 ]
[ -19 -20 -21 -28 -13 -27 -26 -25 -12 -11  10   9   5  15 -14 -24 -23 -22   1   2   3  18  17  16   8   7   6   4 ]
[ -18 -19 -15 -27  -8 -20 -25   5 -17 -26 -21 -28 -23 -24   3 -22   9   1   2   6  11  16  13  14   7  10   4  12 ]
[ -17 -18 -12 -10  -7 -22   5 -28 -16   4 -14   3 -21  11 -26   9   1   2 -27 -23  13   6  20 -25  24  15  19   8 ]
[ -16 -17 -20 -21 -18 -26 -19 -24 -28 -15 -27 -22 -25 -23  10   1   2   5   7   3   4  12  14   8  13   6  11   9 ]
[ -15  -8  -7  -6 -23   4   3   2 -27 -14  13 -26 -11  10   1  17 -16  19 -18  22 -24 -20   5  21 -28  12   9  25 ]
[ -14 -16 -19 -24 -22 -17 -21 -20 -26 -27 -23 -25 -28   1 -18   2   6  15   3   8   7   5  11   4  12   9  10  13 ]
[ -13 -14 -17 -18 -21 -19 -20 -26 -25 -22 -24 -27   1   2 -28 -23   3   4   6   7   5  10  16  11   9   8  12  15 ]
[ -12 -13 -14 -19 -20 -16 -18 -15 -23 -25 -17   1   2   3   8   6  11   7   4   5 -28 -27   9 -26  10  24  22  21 ]
[ -11 -12 -13 -16 -15 -14 -10   9  -8   7   1   2   3   6   5   4 -27 -28 -24 -25 -26 -23  22  19  20  21  17  18 ]
[ -10 -11  -9 -14 -12 -13 -16 -18   3   1   2   5   6   4 -23   7 -24   8 -25 -28  22 -21  15  17  19  27 -26  20 ]
[  -9 -10 -11  -8 -14  -7   6   4   1   2   3 -16 -26   5 -20  12 -19 -27  17  15 -22  21 -28  25 -24  13  18  23 ]
[  -8  -7 -10  12  -9 -11   2   1   5   3   6  -4 -24 -27 -25 -28 -21 -26 -23 -22  17  20  19  13  15  18  14  16 ]
[  -7  -9  -8 -11   6  -5   1   3   2 -24   4 -15 -19 -25  12 -21 -20 -23  13  17  16 -28  18  10  14 -27  26  22 ]
[  -6  -5  -4   3   2   1 -13 -17 -14 -18  12 -11   7   9 -19 -27   8  10  15 -24 -25  28 -26  20  21  23  16 -22 ]
[  -5  -4  -6   2   1   3 -14 -12 -13 -16 -25   8   9   7 -24  10 -22 -19  18 -21  20  17 -27  15  11 -28  23  26 ]
[  -4  -6  -5   1   3   2   8  -7 -11 -13   9 -14  10  12 -21 -26  18 -17  20 -19  15 -25 -24  23  22  16 -28  27 ]
[  -3   4   1  -2 -10   9 -12 -11  -6   5   8   7 -15 -22  13 -20 -28 -21 -26  16  18  14 -25 -27  23  19  24  17 ]
[  -2   1   4  -3  -6   5  -8   7  10  -9 -16 -13  12 -20  18  11  19 -15 -17  14  23 -26 -21 -28 -27  22  25  24 ]
[   2  -1   5  -9  -3   7  -6  10   4  -8 -13  14  11 -12 -17 -19  15 -20  16  18 -23  24  21 -22 -26  25  28 -27 ]
[   3   5  -1   7  -2  -9  -4  11   6  19  -8  13 -12 -18  20 -17  16  14 -10 -15 -27  25  24 -23 -22  28  21 -26 ]
[   4   8   9  -1   7  10  -5  -2  -3  -6 -12  11  19  16 -22 -14 -18  17 -13  23  28  15 -20  27  26 -25 -24 -21 ]
[   5   9  13  -7  -1  12   4  14  -2  11 -10  -6  -3  -8  17  28 -15  22  24  21 -20 -18  26 -19  27 -23 -25 -16 ]
[   6  19  11  -5   4  -1  10  -9   8  -7  -3  17 -14  13  16 -15 -12  20  -2 -18  24  26  27 -21  28 -22 -23 -25 ]
[   7  -3   2   8   9  11  -1  -4  -5  14  -6  15  17 -10 -12  20 -13  24 -28 -16  26  27  25 -18 -23 -21 -22  19 ]
[   8   3  -2   6  12  -4  28  -1  16  13  15  -5 -10  27 -11  -9  26  23  21  25 -19 -24 -18  22 -20 -17 -14  -7 ]
[   9  12  21  27  25  14  11  23  -1  17  -7  -2  20  -6  22  24 -10  28  26 -13  -3 -15  -8 -16  -5 -19  -4 -18 ]
[  10  11   7   5  -4   8  -3  -6  12  -1  -2  -9  28  22  23  18  21 -16  25  27 -17 -14 -15  26 -19 -24 -20 -13 ]
[  11   7   6  10  13  -3  -2  17  14  -4  -1  20  -5  -9  24  27  -8  26 -22 -12  25  19  28 -15 -21 -18 -16 -23 ]
[  12  24   8  28  10  25  14  -3  15  -5  23  -1  16  -7  -9 -13  22  21  27  26 -18 -17 -11  -2  -6 -20 -19  -4 ]
[  13   6  19   9   8  -2  12  -5  -4  15  20  -7  -1  26 -10  21  27  25  -3 -11 -16  23 -22  28 -18 -14 -17 -24 ]
[  14  10  12  13  18  27  21  26  22  -2  17  -3  -4  -1  28  25 -11  -5  23  24  -7  -9 -19 -20 -16  -8  -6 -15 ]
[  15  17  26  11  14  -8  25   6  24  23  -4  28  21  -5  -1  22  -2  27 -20  19 -13 -16 -10  -9  -7  -3 -18 -12 ]
[  16  22  10  18  19  28  13  12  20  -3  26  -8  -7  24  25  -1  23  -4  -5  -9  27  -2 -17 -14 -15 -11 -21  -6 ]
[  17  13  15  16  21  18  27  22  26  24  25  23  -2  20  -3  -4  -1  -6  28 -14  -5  -8 -12 -10 -11  -9  -7 -19 ]
[  18  14  17  22  24  26  19  28  11  20  -9  27  25  -2  21  23  -3  -1  -7 -10 -15  -4 -16  -5 -13  -6 -12  -8 ]
[  19  25  20  21  28  22  24  13  17  16  27  18  -8  23  26 -10  -9 -12  -1  -3  -4  -6 -14  -7  -2 -15 -11  -5 ]
[  20  26  24  15  17  21  16  19  27  28  18  22  23  25  -4  -7  -5 -11  -8  -1  -6 -12 -13  -3 -14  -2  -9 -10 ]
[  21  27  23  24  26  17  22  18  19  25  14  16  15 -11 -13 -12  -6  -8  -9  28  -1  -7  -3  -4 -10  -5  -2 -20 ]
[  22  20  28  14  23  13   9  27  -7  18  24  21  -6  -4  19  26  25 -10 -15  -2 -12  -1  -5 -11 -17 -16  -8  -3 ]
[  23  15  14  17  20  16  18  24  28  27  21  25  26  -3  -2  -6  -4  -7  22  -5 -11 -19  -1  -8 -12 -13 -10  -9 ]
[  24  28  25  19  22  23  15  20  18  21  16  26  27  17  -7 -11 -14  -9  -4  -8 -10  -5  -6  -1  -3 -12 -13  -2 ]
[  25  16  18  23  27  20  26  15  21 -12  19  10  22  28  -8  -2  24  -3 -11  -6  -9 -13  -4 -17  -1  -7  -5 -14 ]
[  26  18  27  20  16  15  17  25  23  22  28  19  24  21  -6  -5  -7  -2 -12  -4 -14 -10  -9 -13  -8  -1  -3 -11 ]
[  27  23  16  26  15  24  20  21  25  12  22 -10  18  19  -5  -3  28 -13 -14  -7  -8 -11  -2  -6  -9  -4  -1 -17 ]
[  28  21  22  25  11  19  23  16  13  26  -5  24  -9  18  27  -8  20 -14  -6 -17  -2  -3  -7 -12  -4 -10 -15  -1 ]
];

